  9.4577318e+000
  1.2382318e+001
  1.2253942e+001
  1.0430006e+001
  7.4045591e+000
  9.9907175e+000
  1.0211658e+001
  8.5800615e+000
  1.1095845e+001
  1.2015604e+001
  1.2609008e+001
  3.5566823e+001
  3.7552514e+001
  4.3757677e+001
  5.2126424e+001
  3.3817521e+001
  3.2074278e+001
  2.8746501e+001
  2.5676391e+001
  3.5470756e+001
  6.2980462e+001
  7.8602068e+001
  7.3036862e+001
  7.5738333e+001
  8.6876133e+001
  6.6644952e+001
  4.8205384e+001
  6.0554836e+001
  7.5817207e+001
  8.6043740e+001
  7.9548061e+001
  7.7061611e+001
  8.6464508e+001
  6.8548673e+001
  5.0116140e+001
  7.1921719e+001
  8.6525982e+001
  7.7052533e+001
  8.6817749e+001
  7.8991420e+001
  6.9907166e+001
  5.6109666e+001
  6.3591289e+001
  8.6042256e+001
  7.3097407e+001
  8.2458452e+001
  7.9336945e+001
  4.5871752e+001
  4.4351837e+001
  5.7039500e+001
  6.9938997e+001
  7.7013691e+001
  6.3705169e+001
  5.6661031e+001
  4.1149752e+001
  3.6947858e+001
  4.1285053e+001
  4.2599446e+001
  3.8433631e+001
  4.3204126e+001
  3.5502069e+001
  3.7615071e+001
  3.2242902e+001
  3.7231903e+001
  3.1015974e+001
  4.0115511e+001
  3.5755348e+001
  4.9098127e+001
  5.5539424e+001
  4.4149792e+001
  4.4521593e+001
  4.3854355e+001
  5.4844524e+001
  6.7719305e+001
  7.3761313e+001
  7.6545484e+001
  8.1782798e+001
  7.9533092e+001
  8.4976001e+001
  8.3671016e+001
  8.5269212e+001
  8.4681438e+001
  8.5445468e+001
  8.0841562e+001
  8.5668014e+001
  8.3704281e+001
  7.6732847e+001
  7.1483325e+001
  6.5519842e+001
  6.2965311e+001
  5.8910957e+001
  5.8307755e+001
  5.5427443e+001
  5.8438179e+001
  5.2099371e+001
  5.8009485e+001
  6.9001226e+001
  6.5360225e+001
  7.0705440e+001
  7.0907628e+001
  6.6500322e+001
  6.5622113e+001
  5.4789189e+001
  5.1347518e+001
  5.1524625e+001
  5.0058030e+001
  4.7579604e+001
  4.7445522e+001
  4.9063519e+001
  4.9362074e+001
  4.9220891e+001
  4.7096485e+001
  4.8803561e+001
  6.6796496e+001
  7.4999122e+001
  7.5914312e+001
  8.2160434e+001
  8.0250777e+001
  8.5151910e+001
  8.5154231e+001
  8.0663926e+001
  8.1637975e+001
  8.4354248e+001
  8.3247071e+001
  8.0372279e+001
  8.3933354e+001
  8.1772229e+001
  7.6593867e+001
  7.3519429e+001
  4.3758477e+001
  9.5663783e+000
  8.9322393e+000
  1.0660866e+001
  1.1588967e+001
  1.1690173e+001
  1.7503247e+001
  1.8146704e+001
  1.6013366e+001
  1.6633543e+001
  1.8136003e+001
  1.6985335e+001
  1.3567984e+001
  1.1746615e+001
  1.5459125e+001
  3.3140634e+001
  4.3449326e+001
  4.1741090e+001
  4.0485769e+001
  3.2421585e+001
  3.1427133e+001
  2.7552334e+001
  2.3703685e+001
  2.1931271e+001
  4.1737034e+001
  7.0257608e+001
  6.8954862e+001
  7.3355076e+001
  7.2018758e+001
  8.7060435e+001
  6.4566944e+001
  4.3640194e+001
  6.6240860e+001
  8.4095365e+001
  8.5383754e+001
  7.2832853e+001
  8.4229429e+001
  8.3485022e+001
  6.2233863e+001
  4.9428695e+001
  8.0088450e+001
  8.4390744e+001
  7.6382836e+001
  8.7126469e+001
  9.0997859e+001
  7.2820448e+001
  5.4335233e+001
  7.1130368e+001
  8.6131865e+001
  7.5271085e+001
  8.7589273e+001
  8.1829923e+001
  5.2699406e+001
  4.6932392e+001
  6.1056194e+001
  6.9409986e+001
  7.4384716e+001
  7.9344751e+001
  5.6742409e+001
  3.7961087e+001
  3.7226697e+001
  3.7713038e+001
  3.5593253e+001
  3.7560966e+001
  3.4219996e+001
  3.4782013e+001
  3.2786256e+001
  3.8373058e+001
  3.2258557e+001
  3.3484172e+001
  3.6660324e+001
  3.4590376e+001
  3.5116244e+001
  4.0946934e+001
  5.0213875e+001
  4.5683403e+001
  4.9757357e+001
  5.3119959e+001
  6.2558206e+001
  7.4476330e+001
  7.7156860e+001
  8.1130487e+001
  8.5303409e+001
  8.2292179e+001
  8.3442080e+001
  8.3761828e+001
  8.4485373e+001
  7.8730364e+001
  8.3656009e+001
  8.6355110e+001
  7.9296348e+001
  8.1695169e+001
  8.2981529e+001
  6.5670596e+001
  6.2596300e+001
  6.3877733e+001
  6.1563656e+001
  5.9016950e+001
  6.2353322e+001
  5.8740325e+001
  5.3391344e+001
  5.5635751e+001
  5.9625629e+001
  6.6658123e+001
  6.9138330e+001
  7.0091546e+001
  7.1492339e+001
  6.6580713e+001
  6.6068400e+001
  5.8122118e+001
  5.2891780e+001
  5.1479509e+001
  5.1427765e+001
  4.9584794e+001
  5.1780173e+001
  5.0983380e+001
  4.5299429e+001
  4.6404505e+001
  5.3012561e+001
  7.0923284e+001
  8.2549599e+001
  7.9909300e+001
  8.5213270e+001
  8.4072223e+001
  7.9187775e+001
  8.1690255e+001
  8.2518601e+001
  8.4875715e+001
  8.4067949e+001
  8.7102821e+001
  8.4354266e+001
  8.0973943e+001
  7.7586187e+001
  6.7936017e+001
  7.5352922e+001
  4.4677140e+001
  7.5833549e+000
  8.7174784e+000
  6.4467927e+000
  5.2192779e+000
  7.8422314e+000
  6.5286189e+000
  7.8743727e+000
  4.7816993e+000
  5.5459974e+000
  5.1273043e+000
  3.9476578e+000
  5.3470694e+000
  1.1376395e+001
  3.6813837e+001
  4.8061190e+001
  4.3128289e+001
  5.2211076e+001
  4.8905057e+001
  3.5227508e+001
  2.2173348e+001
  2.8147045e+001
  3.6323991e+001
  7.8093195e+001
  7.9402271e+001
  7.6009410e+001
  8.2337557e+001
  7.8279345e+001
  6.8861736e+001
  4.7442067e+001
  6.5029697e+001
  7.6146089e+001
  8.7158952e+001
  8.1776031e+001
  8.5044530e+001
  8.5368574e+001
  6.5469115e+001
  4.9673735e+001
  7.5480214e+001
  7.7135059e+001
  8.2374054e+001
  8.7182261e+001
  9.1540265e+001
  8.1186485e+001
  5.7235798e+001
  7.5839101e+001
  8.3769185e+001
  8.1920460e+001
  8.7876103e+001
  8.9960287e+001
  5.5325103e+001
  4.7183990e+001
  6.9157974e+001
  7.2388118e+001
  7.5986587e+001
  7.6058689e+001
  6.6358100e+001
  3.9993177e+001
  4.1264924e+001
  3.6250718e+001
  3.4752768e+001
  3.9175984e+001
  4.1061145e+001
  3.6329695e+001
  4.1562569e+001
  3.7185281e+001
  3.6416068e+001
  3.6682595e+001
  3.5677184e+001
  3.5471829e+001
  3.7376429e+001
  3.6786521e+001
  3.1504310e+001
  3.5839580e+001
  3.3562203e+001
  3.3039335e+001
  3.1905862e+001
  2.9239633e+001
